232.0 23.0 238.0 23.0 238.0 33.0 232.0 33.0 0
284.0 142.0 300.0 142.0 300.0 148.0 284.0 148.0 0
289.0 176.0 301.0 176.0 301.0 181.0 289.0 181.0 0
231.0 84.0 245.0 84.0 245.0 97.0 231.0 97.0 0
237.0 103.0 248.0 103.0 248.0 112.0 237.0 112.0 0
216.0 138.0 227.0 138.0 227.0 144.0 216.0 144.0 0
213.0 142.0 228.0 142.0 228.0 149.0 213.0 149.0 0
237.0 119.0 248.0 119.0 248.0 127.0 237.0 127.0 0
236.0 138.0 255.0 138.0 255.0 148.0 236.0 148.0 0
244.0 156.0 259.0 156.0 259.0 164.0 244.0 164.0 0
264.0 175.0 271.0 175.0 271.0 190.0 264.0 190.0 0
260.0 163.0 267.0 163.0 267.0 172.0 260.0 172.0 0
256.0 63.0 264.0 63.0 264.0 74.0 256.0 74.0 0
